.radix 10

GlobalObjLen:
	.byte	4,3,4,4,4,4,4,4,4,4,4,4,4,4,4,4,4,4,4,4,4,4,4,4,4,4,4,4,4,4,4,4,4,4,4,4,4,4,4,4,4,4,4,4,4,4,4,4,4,4,4,4,4,4,4,4,4,4,4,4,4,4,1,4
	.even

GlobalDarken:
	.word	398, 7*256+14
	.word	855, 12*256+13
	.word	0

GlobalLevel:
	.word	0,2,0,0,0,1,0,0,0,1,0,0,0,0,0,0,2,0,0,0,1,0,0,0,1,0,0,0,0,0,4,2,0,0,0,1,0,0,0,1,0,0,0,0,0,0,2,0,0,0,1,0,0,0,1,0,4,4,4,4,4
	.word	4,0,0,1,0,0,0,0,0,0,0,0,0,1,0,0,0,0,1,0,0,0,0,0,0,0,0,0,1,3,20,8,4,1,0,0,0,0,0,0,0,0,0,1,0,0,0,0,1,0,0,0,0,0,0,5,20,20,20,20,20
	.word	20,6,36,0,0,34,1,0,0,0,0,0,0,0,0,0,0,0,0,0,0,1,0,0,34,14,0,0,4,5,20,20,20,8,4,0,1,0,0,0,34,0,0,0,0,0,0,0,0,0,34,1,0,0,3,20,20,26,25,25,26
	.word	20,36,36,37,31,33,4,32,4,4,30,36,37,4,36,35,30,4,31,4,4,4,4,32,33,36,37,5,20,20,20,20,20,20,20,8,31,4,4,4,33,31,36,37,32,36,35,35,4,31,33,4,32,4,5,20,20,25,41,42,60
	.word	20,20,20,20,20,20,20,10,11,12,13,10,10,10,10,10,25,38,25,10,11,12,13,10,10,10,10,20,20,20,20,20,20,20,20,20,10,11,12,13,10,10,10,10,20,20,20,20,20,10,10,11,12,13,20,20,20,25,38,26,25
	.word	20,20,6,0,3,20,20,20,20,20,20,20,20,20,26,25,25,38,25,25,10,10,10,10,10,20,20,20,20,20,20,25,26,25,25,25,25,26,20,20,20,20,20,20,20,20,20,20,20,20,20,20,20,20,20,20,20,25,38,25,20
	.word	20,6,0,0,0,0,3,10,10,20,20,20,6,40,40,43,42,39,42,25,20,20,20,20,20,20,20,20,20,20,20,25,0,41,42,41,40,26,25,25,25,25,25,25,25,25,20,20,20,26,25,25,25,25,25,25,25,25,38,25,20
	.word	20,8,4,4,4,4,5,10,10,8,4,4,4,40,41,42,42,42,42,25,20,20,20,20,20,20,20,20,20,20,20,25,25,38,26,25,40,40,40,40,40,40,40,41,38,25,20,20,20,25,41,42,42,43,42,42,42,25,38,26,20
	.word	20,10,10,10,20,10,10,10,10,10,10,10,20,26,25,25,26,25,25,25,20,20,10,10,10,10,20,25,26,25,25,25,25,39,25,25,41,25,25,25,25,25,25,25,39,25,25,26,20,25,42,42,42,42,42,42,63,25,38,25,20
	.word	20,20,38,20,20,20,20,20,20,20,20,20,20,20,20,20,20,20,20,20,20,10,10,10,10,10,6,0,40,41,41,60,41,42,42,42,42,42,42,42,42,42,42,25,40,41,39,25,20,25,63,64,40,41,42,26,25,25,38,25,20
	.word	20,6,39,20,20,20,6,0,4,3,20,20,20,6,4,4,0,0,5,10,10,10,10,10,10,10,26,25,25,25,25,25,26,25,25,25,25,25,25,26,10,10,26,25,26,26,40,26,20,25,25,25,26,40,40,40,41,25,38,25,20
	.word	20,8,0,0,0,0,0,5,20,8,0,0,0,5,20,20,8,5,10,10,10,10,10,10,20,20,20,20,20,20,20,20,10,8,4,4,4,4,5,10,10,10,10,10,10,10,10,10,20,25,25,25,25,26,40,41,42,25,38,25,20
	.word	20,20,36,37,4,4,5,20,20,20,8,4,5,20,20,20,20,10,10,20,10,10,20,20,20,20,20,20,20,20,20,20,38,20,20,20,20,20,20,20,10,10,20,10,10,20,20,20,20,25,63,64,64,64,40,26,25,25,38,25,20
	.word	20,20,20,20,20,20,20,20,20,20,20,20,20,20,20,20,20,20,20,20,20,20,20,20,20,20,20,20,20,20,20,20,38,20,20,20,20,20,20,20,20,20,20,20,20,20,20,20,20,25,25,25,25,25,38,25,25,25,38,25,25
	.word	20,20,20,6,3,20,20,20,21,20,6,0,3,20,20,20,20,20,20,20,10,6,0,3,10,10,10,10,10,7,20,26,39,25,25,25,25,25,25,25,25,25,25,26,20,20,25,25,25,25,25,25,25,25,39,25,25,25,39,25,25
	.word	20,20,6,0,0,45,44,45,0,45,0,0,0,3,20,20,20,20,20,10,10,6,0,3,10,10,10,10,8,5,20,25,40,40,41,42,42,42,43,42,42,42,42,25,26,20,25,42,42,42,42,42,42,42,42,42,42,42,42,42,42
	.word	20,6,0,0,0,5,20,8,0,0,0,0,0,5,20,20,20,20,10,10,10,6,0,5,20,20,10,10,20,20,20,25,36,37,42,42,42,42,42,42,42,42,42,42,25,20,25,42,42,42,42,42,42,42,42,42,42,42,42,42,42
	.word	20,6,0,0,5,20,20,20,6,4,4,0,3,20,20,20,20,6,0,3,20,8,3,20,20,10,10,10,10,20,20,26,25,25,25,25,25,25,25,25,25,25,25,39,25,20,25,25,25,25,25,25,25,25,25,25,25,25,25,38,25
	.word	20,8,4,5,20,20,20,20,7,20,20,6,36,20,20,20,8,4,4,4,5,20,9,10,10,10,10,10,10,10,20,20,20,6,45,44,45,40,40,40,40,40,41,42,25,20,20,20,20,20,20,20,20,20,20,20,20,20,25,39,25
	.word	20,20,20,20,20,20,20,6,0,0,0,5,20,20,20,20,20,20,20,20,20,20,20,10,10,10,10,10,10,20,20,20,6,0,0,0,0,40,40,40,40,41,42,26,25,25,25,25,20,20,20,20,20,20,20,20,20,20,25,41,25
	.word	20,20,20,20,20,6,45,0,0,0,0,26,25,25,25,25,26,21,10,10,10,10,10,10,10,10,10,10,21,26,25,26,0,0,0,0,0,0,0,0,40,42,63,43,42,42,41,25,20,20,20,20,20,20,20,20,20,20,25,38,25
	.word	20,20,8,0,4,4,4,4,4,36,37,41,42,42,42,42,43,41,10,10,10,10,10,10,10,10,10,8,41,43,42,43,63,0,63,0,0,63,0,63,40,41,26,25,25,25,25,25,20,20,20,20,20,20,20,20,20,20,25,38,25
	.word	20,20,20,9,20,20,20,20,20,20,26,26,25,25,25,25,25,26,20,10,10,10,10,10,10,10,10,20,26,25,25,25,26,64,26,64,64,25,64,25,64,26,25,25,26,20,20,20,20,20,20,20,20,20,20,20,20,20,25,38,25
	.word	20,20,20,10,10,10,10,10,20,20,20,20,20,20,20,20,20,20,20,20,10,10,10,10,10,10,20,20,20,20,20,10,25,25,25,25,25,25,25,25,25,25,10,10,20,20,20,20,20,20,20,20,20,20,20,20,20,20,25,38,25
	.word	20,20,10,7,10,10,10,10,10,20,20,20,20,20,20,20,20,20,20,20,20,10,10,10,20,20,20,20,20,20,20,10,10,10,10,10,10,10,10,10,10,10,10,20,20,20,20,20,20,20,20,20,20,20,20,20,20,20,25,38,25
	.word	20,63,64,64,64,20,10,10,10,20,20,20,20,20,20,20,20,20,20,20,20,26,38,26,20,20,20,20,20,20,20,20,10,10,10,10,10,10,10,10,10,10,20,20,20,20,20,20,20,20,20,20,20,20,20,20,20,20,25,38,25
	.word	20,20,20,20,20,20,20,20,20,21,20,21,20,20,20,20,20,20,20,20,20,25,38,25,20,20,20,20,20,20,20,20,20,20,20,20,20,20,20,20,20,20,20,20,20,20,20,20,20,20,20,20,20,20,20,20,20,20,25,38,25
	.word	20,20,20,20,20,21,20,21,23,0,45,0,22,21,26,25,25,25,25,25,25,25,39,25,25,20,20,20,25,25,25,26,25,26,21,21,20,20,20,21,21,21,21,23,42,42,22,20,20,20,21,21,21,21,21,20,20,20,25,38,25
	.word	20,20,20,20,23,0,45,0,0,0,0,0,0,0,45,45,40,40,40,41,42,43,41,43,26,25,25,25,26,42,42,42,43,42,40,0,22,21,23,40,41,42,42,42,42,42,42,26,22,23,40,40,40,40,40,22,20,20,25,38,25
	.word	20,20,20,20,8,4,0,0,0,0,0,0,0,0,0,40,40,40,41,42,42,42,42,42,42,42,60,42,42,42,42,42,42,41,40,40,0,0,40,41,42,42,26,25,25,25,38,25,40,40,40,40,40,40,40,40,22,20,25,38,25
	.word	20,20,20,20,20,20,8,0,0,0,0,26,25,38,25,25,25,25,25,25,25,25,25,25,25,25,25,25,25,25,25,25,26,25,25,25,39,25,25,26,25,25,25,25,25,25,39,25,40,40,4,4,31,4,0,64,63,20,25,38,25
	.word	20,20,21,21,21,20,20,8,0,0,0,0,41,38,21,20,20,20,20,20,20,20,20,20,20,20,20,20,20,20,20,20,21,21,20,20,8,30,4,4,31,4,4,0,5,20,8,30,30,5,20,20,20,20,38,20,20,20,25,38,25
	.word	20,23,0,0,0,22,20,20,6,0,0,0,40,39,40,20,20,21,21,21,21,20,20,20,20,21,21,20,20,20,20,23,0,0,22,21,20,20,20,21,21,21,20,38,20,20,20,21,21,21,21,20,20,20,38,21,20,20,26,38,25
	.word	20,6,40,40,40,3,20,20,63,0,0,0,40,40,40,20,23,0,0,0,0,22,21,21,23,0,0,22,20,20,20,8,4,4,0,0,22,21,23,0,0,0,22,39,21,20,23,40,40,40,40,22,21,23,38,40,22,20,26,38,25
	.word	20,6,26,26,40,3,20,20,20,6,0,0,26,26,40,20,8,4,4,4,4,4,4,4,4,4,4,5,10,10,10,10,20,20,8,4,4,4,4,30,4,4,4,4,5,20,6,40,40,40,40,40,40,40,39,4,5,20,26,38,25
	.word	20,6,41,43,63,3,20,20,23,0,0,63,43,41,40,20,20,10,20,20,20,20,10,11,12,13,10,10,10,10,20,20,20,20,20,20,20,20,21,21,21,21,20,20,20,20,8,4,4,4,4,40,40,4,5,10,10,20,25,38,25
	.word	20,6,26,25,26,0,22,23,0,0,0,26,25,26,41,20,20,10,10,10,10,10,10,10,10,10,10,10,20,20,20,21,21,21,21,20,20,23,40,40,40,40,22,20,20,10,10,11,12,13,10,8,5,10,10,10,20,20,25,38,25
	.word	20,63,0,0,0,0,0,0,0,0,0,0,0,0,63,20,20,20,20,20,20,10,10,10,20,20,21,21,21,21,23,0,40,40,40,22,23,40,40,40,40,0,3,10,10,10,20,10,10,20,20,10,10,10,20,20,20,20,25,38,25
	.word	20,63,63,64,64,64,4,4,4,4,4,4,64,63,63,20,20,20,20,20,20,20,20,20,20,20,8,4,4,4,4,4,4,4,4,4,30,4,4,4,31,4,5,10,10,20,20,20,8,5,20,20,20,20,20,20,20,20,25,38,25
	.word	20,20,20,20,20,20,20,20,20,20,20,20,20,20,20,20,20,20,20,20,20,20,20,20,20,26,39,26,20,20,20,20,20,20,20,20,20,20,20,20,20,20,20,20,20,20,20,20,20,20,20,20,20,20,20,20,20,20,25,38,25
	.word	20,20,20,20,21,21,20,20,20,21,21,21,21,21,20,20,20,21,21,21,21,21,21,21,23,40,40,41,22,20,20,20,20,20,20,20,20,20,20,20,20,20,20,20,20,20,20,20,20,20,20,20,20,20,20,20,20,20,20,20,20
	.word	20,20,20,23,40,40,22,21,23,48,49,48,40,40,20,20,23,40,70,40,40,70,40,40,40,40,74,74,5,20,20,20,20,20,20,20,20,20,20,20,20,20,20,20,20,20,20,20,20,20,20,20,20,20,20,20,20,20,20,20,20
	.word	20,20,20,8,0,0,0,40,40,40,40,40,0,40,22,23,40,40,49,0,0,70,0,40,40,48,46,46,38,20,20,20,20,20,20,20,20,20,20,20,20,20,20,20,20,20,20,20,20,20,20,20,20,20,20,20,20,20,20,20,20
	.word	20,20,20,20,8,32,69,62,68,31,4,4,30,31,74,74,74,74,0,4,0,49,0,0,40,48,47,47,39,22,20,20,20,20,20,20,20,20,20,20,20,20,20,20,20,20,20,20,20,20,20,20,20,20,20,20,20,20,20,20,20
	.word	20,20,20,20,20,20,20,20,20,20,20,20,20,20,20,20,46,46,38,46,0,0,0,0,0,40,48,48,40,3,20,20,20,20,20,20,20,20,20,20,20,20,20,20,20,20,20,20,20,20,20,20,20,20,20,20,20,20,20,20,20
	.word	20,20,20,20,20,20,21,21,21,20,20,21,21,20,20,20,47,47,39,47,0,0,0,0,0,0,74,74,74,5,20,20,20,20,20,20,20,20,20,20,20,20,20,20,20,20,20,20,20,20,20,20,20,20,20,20,20,20,20,20,20
	.word	20,20,21,21,21,23,40,70,40,22,23,40,40,20,20,20,48,48,48,48,0,0,0,0,40,48,46,38,46,46,20,20,20,20,20,20,20,20,20,20,20,20,20,20,20,20,20,20,20,20,20,20,20,20,20,20,20,20,20,20,20
	.word	21,23,40,40,40,40,40,49,40,74,74,40,40,22,20,20,40,40,74,74,31,30,32,0,0,40,47,39,47,47,20,20,20,20,20,20,20,20,20,20,20,20,20,20,20,20,20,20,20,20,20,20,20,20,20,20,20,20,20,20,20
	.word	40,40,40,0,74,74,40,40,48,46,46,48,0,40,22,23,40,0,46,46,46,46,46,0,0,40,48,48,48,48,22,20,20,20,20,20,20,20,20,20,20,20,20,20,20,20,20,20,20,20,20,20,20,20,20,20,20,20,20,20,20
	.word	68,0,0,0,47,46,48,40,48,47,47,48,0,0,40,40,0,0,47,47,47,47,47,0,0,0,0,0,0,0,0,20,20,20,20,20,20,20,20,20,20,20,20,20,20,20,20,20,20,20,20,20,20,20,20,20,20,20,20,20,20
	.word	19,0,0,0,48,47,48,0,40,48,48,40,34,0,0,0,0,0,48,48,48,48,48,0,34,0,36,0,0,0,0,20,20,20,20,20,20,20,20,20,20,20,20,20,20,20,20,20,20,20,20,20,20,20,20,20,20,20,20,20,20
	.word	29,35,35,69,4,30,4,4,4,31,32,68,33,31,36,35,68,4,31,69,30,36,37,32,33,4,36,37,31,4,4,20,20,20,20,20,20,20,20,20,20,20,20,20,20,20,20,20,20,20,20,20,20,20,20,20,20,20,20,20,20
	.word	20,20,20,20,20,20,20,20,20,20,20,20,20,20,20,20,20,20,20,20,20,20,20,20,20,20,20,20,20,20,20,20,20,20,20,20,20,20,20,20,20,20,20,20,20,20,20,20,20,20,20,20,20,20,20,20,20,20,20,20,20
	.word	0,0,0,0,0,0,0,0,0,0,0,0,0,0,0,0,0,0,0,0,0,0,0,0,0,0,0,0,0,0,0,0,0,0,0,0,0,0,0,0,0,0,0,0,0,0,0,0,0,0,0,0,0,0,0,0,0,0,0,0,0
	.word	0,0,0,0,0,0,0,0,0,0,0,0,0,0,0,0,0,0,0,0,0,0,0,0,0,0,0,0,0,0,0,0,0,0,0,0,0,0,0,0,0,0,0,0,0,0,0,0,0,0,0,0,0,0,0,0,0,0,0,0,0
	.word	0,0,0,0,0,0,0,0,0,0,0,0,0,0,0,0,0,0,0,0,0,0,0,0,0,0,0,0,0,0,0,0,0,0,0,0,0,0,0,0,0,0,0,0,0,0,0,0,0,0,0,0,0,0,0,0,0,0,0,0,0
	.word	0,0,0,0,0,0,0,0,0,0,0,0,0,0,0,0,0,0,0,0,0,0,0,0,0,0,0,0,0,0,0,0,0,0,0,0,0,0,0,0,0,0,0,0,0,0,0,0,0,0,0,0,0,0,0,0,0,0,0,0,0
	.word	0,0,0,0,0,0,0,0,0,0,0,0,0,0,0,0,0,0,0,0,0,0,0,0,0,0,0,0,0,0,0,0,0,0,0,0,0,0,0,0,0,0,0,0,0,0,0,0,0,0,0,0,0,0,0,0,0,0,0,0,0
	.word	0,0,0,0,0,0,0,0,0,0,0,0,0,0,0,0,0,0,0,0,0,0,0,0,0,0,0,0,0,0,0,0,0,0,0,0,0,0,0,0,0,0,0,0,0,0,0,0,0,0,0,0,0,0,0,0,0,0,0,0,0
	.word	0,0,0,0,0,0,0,0,0,0,0,0,0,0,0,0,0,0,0,0,0,0,0,0,0,0,0,0,0,0,0,0,0,0,0,0,0,0,0,0,0,0,0,0,0,0,0,0,0,0,0,0,0,0,0,0,0,0,0,0,0
	.word	0,0,0,0,0,0,0,0,0,0,0,0,0,0,0,0,0,0,0,0,0,0,0,0,0,0,0,0,0,0,0,0,0,0,0,0,0,0,0,0,0,0,0,0,0,0,0,0,0,0,0,0,0,0,0,0,0,0,0,0,0
	.word	0,0,0,0,0,0,0,0,0,0,0,0,0,0,0,0,0,0,0,0,0,0,0,0,0,0,0,0,0,0,0,0,0,0,0,0,0,0,0,0,0,0,0,0,0,0,0,0,0,0,0,0,0,0,0,0,0,0,0,0,0
	.word	0,0,0,0,0,0,0,0,0,0,0,0,0,0,0,0,0,0,0,0,0,0,0,0,0,0,0,0,0,0,0,0,0,0,0,0,0,0,0,0,0,0,0,0,0,0,0,0,0,0,0,0,0,0,0,0,0,0,0,0,0
	.word	0,0,0,0,0,0,0,0,0,0,0,0,0,0,0,0,0,0,0,0,0,0,0,0,0,0,0,0,0,0,0,0,0,0,0,0,0,0,0,0,0,0,0,0,0,0,0,0,0,0,0,0,0,0,0,0,0,0,0,0,0
	.word	0,0,0,0,0,0,0,0,0,0,0,0,0,0,0,0,0,0,0,0,0,0,0,0,0,0,0,0,0,0,0,0,0,0,0,0,0,0,0,0,0,0,0,0,0,0,0,0,0,0,0,0,0,0,0,0,0,0,0,0,0
	.word	0,0,0,0,0,0,0,0,0,0,0,0,0,0,0,0,0,0,0,0,0,0,0,0,0,0,0,0,0,0,0,0,0,0,0,0,0,0,0,0,0,0,0,0,0,0,0,0,0,0,0,0,0,0,0,0,0,0,0,0,0
	.word	0,0,0,0,0,0,0,0,0,0,0,0,0,0,0,0,0,0,0,0,0,0,0,0,0,0,0,0,0,0,0,0,0,0,0,0,0,0,0,0,0,0,0,0,0,0,0,0,0,0,0,0,0,0,0,0,0,0,0,0,0
	.word	0,0,0,0,0,0,0,0,0,0,0,0,0,0,0,0,0,0,0,0,0,0,0,0,0,0,0,0,0,0,0,0,0,0,0,0,0,0,0,0,0,0,0,0,0,0,0,0,0,0,0,0,0,0,0,0,0,0,0,0,0
	.word	0,0,0,0,0,0,0,0,0,0,0,0,0,0,0,0,0,0,0,0,0,0,0,0,0,0,0,0,0,0,0,0,0,0,0,0,0,0,0,0,0,0,0,0,0,0,0,0,0,0,0,0,0,0,0,0,0,0,0,0,0
	.word	0,0,0,0,0,0,0,0,0,0,0,0,0,0,0,0,0,0,0,0,0,0,0,0,0,0,0,0,0,0,0,0,0,0,0,0,0,0,0,0,0,0,0,0,0,0,0,0,0,0,0,0,0,0,0,0,0,0,0,0,0
	.word	0,0,0,0,0,0,0,0,0,0,0,0,0,0,0,0,0,0,0,0,0,0,0,0,0,0,0,0,0,0,0,0,0,0,0,0,0,0,0,0,0,0,0,0,0,0,0,0,0,0,0,0,0,0,0,0,0,0,0,0,0
	.word	0,0,0,0,0,0,0,0,0,0,0,0,0,0,0,0,0,0,0,0,0,0,0,0,0,0,0,0,0,0,0,0,0,0,0,0,0,0,0,0,0,0,0,0,0,0,0,0,0,0,0,0,0,0,0,0,0,0,0,0,0
	.word	0,0,0,0,0,0,0,0,0,0,0,0,0,0,0,0,0,0,0,0,0,0,0,0,0,0,0,0,0,0,0,0,0,0,0,0,0,0,0,0,0,0,0,0,0,0,0,0,0,0,0,0,0,0,0,0,0,0,0,0,0
	.word	0,0,0,0,0,0,0,0,0,0,0,0,0,0,0,0,0,0,0,0,0,0,0,0,0,0,0,0,0,0,0,0,0,0,0,0,0,0,0,0,0,0,0,0,0,0,0,0,0,0,0,0,0,0,0,0,0,0,0,0,0
	.word	0,0,0,0,0,0,0,0,0,0,0,0,0,0,0,0,0,0,0,0,0,0,0,0,0,0,0,0,0,0,0,0,0,0,0,0,0,0,0,0,0,0,0,0,0,0,0,0,0,0,0,0,0,0,0,0,0,0,0,0,0
	.word	0,0,0,0,0,0,0,0,0,0,0,0,0,0,0,0,0,0,0,0,0,0,0,0,0,0,0,0,0,0,0,0,0,0,0,0,0,0,0,0,0,0,0,0,0,0,0,0,0,0,0,0,0,0,0,0,0,0,0,0,0
	.word	0,0,0,0,0,0,0,0,0,0,0,0,0,0,0,0,0,0,0,0,0,0,0,0,0,0,0,0,0,0,0,0,0,0,0,0,0,0,0,0,0,0,0,0,0,0,0,0,0,0,0,0,0,0,0,0,0,0,0,0,0
	.word	0,0,0,0,0,0,0,0,0,0,0,0,0,0,0,0,0,0,0,0,0,0,0,0,0,0,0,0,0,0,0,0,0,0,0,0,0,0,0,0,0,0,0,0,0,0,0,0,0,0,0,0,0,0,0,0,0,0,0,0,0
	.word	0,0,0,0,0,0,0,0,0,0,0,0,0,0,0,0,0,0,0,0,0,0,0,0,0,0,0,0,0,0,0,0,0,0,0,0,0,0,0,0,0,0,0,0,0,0,0,0,0,0,0,0,0,0,0,0,0,0,0,0,0
	.word	0,0,0,0,0,0,0,0,0,0,0,0,0,0,0,0,0,0,0,0,0,0,0,0,0,0,0,0,0,0,0,0,0,0,0,0,0,0,0,0,0,0,0,0,0,0,0,0,0,0,0,0,0,0,0,0,0,0,0,0,0
	.word	0,0,0,0,0,0,0,0,0,0,0,0,0,0,0,0,0,0,0,0,0,0,0,0,0,0,0,0,0,0,0,0,0,0,0,0,0,0,0,0,0,0,0,0,0,0,0,0,0,0,0,0,0,0,0,0,0,0,0,0,0
	.word	0,0,0,0,0,0,0,0,0,0,0,0,0,0,0,0,0,0,0,0,0,0,0,0,0,0,0,0,0,0,0,0,0,0,0,0,0,0,0,0,0,0,0,0,0,0,0,0,0,0,0,0,0,0,0,0,0,0,0,0,0
	.word	0,0,0,0,0,0,0,0,0,0,0,0,0,0,0,0,0,0,0,0,0,0,0,0,0,0,0,0,0,0,0,0,0,0,0,0,0,0,0,0,0,0,0,0,0,0,0,0,0,0,0,0,0,0,0,0,0,0,0,0,0
	.word	0,0,0,0,0,0,0,0,0,0,0,0,0,0,0,0,0,0,0,0,0,0,0,0,0,0,0,0,0,0,0,0,0,0,0,0,0,0,0,0,0,0,0,0,0,0,0,0,0,0,0,0,0,0,0,0,0,0,0,0,0
	.word	0,0,0,0,0,0,0,0,0,0,0,0,0,0,0,0,0,0,0,0,0,0,0,0,0,0,0,0,0,0,0,0,0,0,0,0,0,0,0,0,0,0,0,0,0,0,0,0,0,0,0,0,0,0,0,0,0,0,0,0,0
	.word	0,0,0,0,0,0,0,0,0,0,0,0,0,0,0,0,0,0,0,0,0,0,0,0,0,0,0,0,0,0,0,0,0,0,0,0,0,0,0,0,0,0,0,0,0,0,0,0,0,0,0,0,0,0,0,0,0,0,0,0,0
	.word	0,0,0,0,0,0,0,0,0,0,0,0,0,0,0,0,0,0,0,0,0,0,0,0,0,0,0,0,0,0,0,0,0,0,0,0,0,0,0,0,0,0,0,0,0,0,0,0,0,0,0,0,0,0,0,0,0,0,0,0,0
	.word	0,0,0,0,0,0,0,0,0,0,0,0,0,0,0,0,0,0,0,0,0,0,0,0,0,0,0,0,0,0,0,0,0,0,0,0,0,0,0,0,0,0,0,0,0,0,0,0,0,0,0,0,0,0,0,0,0,0,0,0,0
	.word	0,0,0,0,0,0,0,0,0,0,0,0,0,0,0,0,0,0,0,0,0,0,0,0,0,0,0,0,0,0,0,0,0,0,0,0,0,0,0,0,0,0,0,0,0,0,0,0,0,0,0,0,0,0,0,0,0,0,0,0,0
	.word	0,0,0,0,0,0,0,0,0,0,0,0,0,0,0,0,0,0,0,0,0,0,0,0,0,0,0,0,0,0,0,0,0,0,0,0,0,0,0,0,0,0,0,0,0,0,0,0,0,0,0,0,0,0,0,0,0,0,0,0,0
	.word	0,0,0,0,0,0,0,0,0,0,0,0,0,0,0,0,0,0,0,0,0,0,0,0,0,0,0,0,0,0,0,0,0,0,0,0,0,0,0,0,0,0,0,0,0,0,0,0,0,0,0,0,0,0,0,0,0,0,0,0,0
	.word	0,0,0,0,0,0,0,0,0,0,0,0,0,0,0,0,0,0,0,0,0,0,0,0,0,0,0,0,0,0,0,0,0,0,0,0,0,0,0,0,0,0,0,0,0,0,0,0,0,0,0,0,0,0,0,0,0,0,0,0,0
	.word	0,0,0,0,0,0,0,0,0,0,0,0,0,0,0,0,0,0,0,0,0,0,0,0,0,0,0,0,0,0,0,0,0,0,0,0,0,0,0,0,0,0,0,0,0,0,0,0,0,0,0,0,0,0,0,0,0,0,0,0,0
	.word	0,0,0,0,0,0,0,0,0,0,0,0,0,0,0,0,0,0,0,0,0,0,0,0,0,0,0,0,0,0,0,0,0,0,0,0,0,0,0,0,0,0,0,0,0,0,0,0,0,0,0,0,0,0,0,0,0,0,0,0,0
	.word	0,0,0,0,0,0,0,0,0,0,0,0,0,0,0,0,0,0,0,0,0,0,0,0,0,0,0,0,0,0,0,0,0,0,0,0,0,0,0,0,0,0,0,0,0,0,0,0,0,0,0,0,0,0,0,0,0,0,0,0,0
	.word	0,0,0,0,0,0,0,0,0,0,0,0,0,0,0,0,0,0,0,0,0,0,0,0,0,0,0,0,0,0,0,0,0,0,0,0,0,0,0,0,0,0,0,0,0,0,0,0,0,0,0,0,0,0,0,0,0,0,0,0,0
	.word	0,0,0,0,0,0,0,0,0,0,0,0,0,0,0,0,0,0,0,0,0,0,0,0,0,0,0,0,0,0,0,0,0,0,0,0,0,0,0,0,0,0,0,0,0,0,0,0,0,0,0,0,0,0,0,0,0,0,0,0,0
	.word	0,0,0,0,0,0,0,0,0,0,0,0,0,0,0,0,0,0,0,0,0,0,0,0,0,0,0,0,0,0,0,0,0,0,0,0,0,0,0,0,0,0,0,0,0,0,0,0,0,0,0,0,0,0,0,0,0,0,0,0,0
	.word	0,0,0,0,0,0,0,0,0,0,0,0,0,0,0,0,0,0,0,0,0,0,0,0,0,0,0,0,0,0,0,0,0,0,0,0,0,0,0,0,0,0,0,0,0,0,0,0,0,0,0,0,0,0,0,0,0,0,0,0,0
	.word	0,0,0,0,0,0,0,0,0,0,0,0,0,0,0,0,0,0,0,0,0,0,0,0,0,0,0,0,0,0,0,0,0,0,0,0,0,0,0,0,0,0,0,0,0,0,0,0,0,0,0,0,0,0,0,0,0,0,0,0,0
	.word	0,0,0,0,0,0,0,0,0,0,0,0,0,0,0,0,0,0,0,0,0,0,0,0,0,0,0,0,0,0,0,0,0,0,0,0,0,0,0,0,0,0,0,0,0,0,0,0,0,0,0,0,0,0,0,0,0,0,0,0,0
	.word	0,0,0,0,0,0,0,0,0,0,0,0,0,0,0,0,0,0,0,0,0,0,0,0,0,0,0,0,0,0,0,0,0,0,0,0,0,0,0,0,0,0,0,0,0,0,0,0,0,0,0,0,0,0,0,0,0,0,0,0,0
	.word	0,0,0,0,0,0,0,0,0,0,0,0,0,0,0,0,0,0,0,0,0,0,0,0,0,0,0,0,0,0,0,0,0,0,0,0,0,0,0,0,0,0,0,0,0,0,0,0,0,0,0,0,0,0,0,0,0,0,0,0,0
	.word	0,0,0,0,0,0,0,0,0,0,0,0,0,0,0,0,0,0,0,0,0,0,0,0,0,0,0,0,0,0,0,0,0,0,0,0,0,0,0,0,0,0,0,0,0,0,0,0,0,0,0,0,0,0,0,0,0,0,0,0,0
	.word	0,0,0,0,0,0,0,0,0,0,0,0,0,0,0,0,0,0,0,0,0,0,0,0,0,0,0,0,0,0,0,0,0,0,0,0,0,0,0,0,0,0,0,0,0,0,0,0,0,0,0,0,0,0,0,0,0,0,0,0,0
	.word	0,0,0,0,0,0,0,0,0,0,0,0,0,0,0,0,0,0,0,0,0,0,0,0,0,0,0,0,0,0,0,0,0,0,0,0,0,0,0,0,0,0,0,0,0,0,0,0,0,0,0,0,0,0,0,0,0,0,0,0,0
	.word	0,0,0,0,0,0,0,0,0,0,0,0,0,0,0,0,0,0,0,0,0,0,0,0,0,0,0,0,0,0,0,0,0,0,0,0,0,0,0,0,0,0,0,0,0,0,0,0,0,0,0,0,0,0,0,0,0,0,0,0,0
	.word	0,0,0,0,0,0,0,0,0,0,0,0,0,0,0,0,0,0,0,0,0,0,0,0,0,0,0,0,0,0,0,0,0,0,0,0,0,0,0,0,0,0,0,0,0,0,0,0,0,0,0,0,0,0,0,0,0,0,0,0,0
	.word	0,0,0,0,0,0,0,0,0,0,0,0,0,0,0,0,0,0,0,0,0,0,0,0,0,0,0,0,0,0,0,0,0,0,0,0,0,0,0,0,0,0,0,0,0,0,0,0,0,0,0,0,0,0,0,0,0,0,0,0,0
	.word	0,0,0,0,0,0,0,0,0,0,0,0,0,0,0,0,0,0,0,0,0,0,0,0,0,0,0,0,0,0,0,0,0,0,0,0,0,0,0,0,0,0,0,0,0,0,0,0,0,0,0,0,0,0,0,0,0,0,0,0,0
	.word	0,0,0,0,0,0,0,0,0,0,0,0,0,0,0,0,0,0,0,0,0,0,0,0,0,0,0,0,0,0,0,0,0,0,0,0,0,0,0,0,0,0,0,0,0,0,0,0,0,0,0,0,0,0,0,0,0,0,0,0,0
	.word	0,0,0,0,0,0,0,0,0,0,0,0,0,0,0,0,0,0,0,0,0,0,0,0,0,0,0,0,0,0,0,0,0,0,0,0,0,0,0,0,0,0,0,0,0,0,0,0,0,0,0,0,0,0,0,0,0,0,0,0,0
	.word	0,0,0,0,0,0,0,0,0,0,0,0,0,0,0,0,0,0,0,0,0,0,0,0,0,0,0,0,0,0,0,0,0,0,0,0,0,0,0,0,0,0,0,0,0,0,0,0,0,0,0,0,0,0,0,0,0,0,0,0,0
	.word	0,0,0,0,0,0,0,0,0,0,0,0,0,0,0,0,0,0,0,0,0,0,0,0,0,0,0,0,0,0,0,0,0,0,0,0,0,0,0,0,0,0,0,0,0,0,0,0,0,0,0,0,0,0,0,0,0,0,0,0,0
	.word	0,0,0,0,0,0,0,0,0,0,0,0,0,0,0,0,0,0,0,0,0,0,0,0,0,0,0,0,0,0,0,0,0,0,0,0,0,0,0,0,0,0,0,0,0,0,0,0,0,0,0,0,0,0,0,0,0,0,0,0,0
	.word	0,0,0,0,0,0,0,0,0,0,0,0,0,0,0,0,0,0,0,0,0,0,0,0,0,0,0,0,0,0,0,0,0,0,0,0,0,0,0,0,0,0,0,0,0,0,0,0,0,0,0,0,0,0,0,0,0,0,0,0,0
	.word	0,0,0,0,0,0,0,0,0,0,0,0,0,0,0,0,0,0,0,0,0,0,0,0,0,0,0,0,0,0,0,0,0,0,0,0,0,0,0,0,0,0,0,0,0,0,0,0,0,0,0,0,0,0,0,0,0,0,0,0,0
	.word	0,0,0,0,0,0,0,0,0,0,0,0,0,0,0,0,0,0,0,0,0,0,0,0,0,0,0,0,0,0,0,0,0,0,0,0,0,0,0,0,0,0,0,0,0,0,0,0,0,0,0,0,0,0,0,0,0,0,0,0,0
	.word	0,0,0,0,0,0,0,0,0,0,0,0,0,0,0,0,0,0,0,0,0,0,0,0,0,0,0,0,0,0,0,0,0,0,0,0,0,0,0,0,0,0,0,0,0,0,0,0,0,0,0,0,0,0,0,0,0,0,0,0,0
	.word	0,0,0,0,0,0,0,0,0,0,0,0,0,0,0,0,0,0,0,0,0,0,0,0,0,0,0,0,0,0,0,0,0,0,0,0,0,0,0,0,0,0,0,0,0,0,0,0,0,0,0,0,0,0,0,0,0,0,0,0,0
	.word	0,0,0,0,0,0,0,0,0,0,0,0,0,0,0,0,0,0,0,0,0,0,0,0,0,0,0,0,0,0,0,0,0,0,0,0,0,0,0,0,0,0,0,0,0,0,0,0,0,0,0,0,0,0,0,0,0,0,0,0,0
	.word	0,0,0,0,0,0,0,0,0,0,0,0,0,0,0,0,0,0,0,0,0,0,0,0,0,0,0,0,0,0,0,0,0,0,0,0,0,0,0,0,0,0,0,0,0,0,0,0,0,0,0,0,0,0,0,0,0,0,0,0,0
	.word	0,0,0,0,0,0,0,0,0,0,0,0,0,0,0,0,0,0,0,0,0,0,0,0,0,0,0,0,0,0,0,0,0,0,0,0,0,0,0,0,0,0,0,0,0,0,0,0,0,0,0,0,0,0,0,0,0,0,0,0,0
	.word	0,0,0,0,0,0,0,0,0,0,0,0,0,0,0,0,0,0,0,0,0,0,0,0,0,0,0,0,0,0,0,0,0,0,0,0,0,0,0,0,0,0,0,0,0,0,0,0,0,0,0,0,0,0,0,0,0,0,0,0,0
	.word	0,0,0,0,0,0,0,0,0,0,0,0,0,0,0,0,0,0,0,0,0,0,0,0,0,0,0,0,0,0,0,0,0,0,0,0,0,0,0,0,0,0,0,0,0,0,0,0,0,0,0,0,0,0,0,0,0,0,0,0,0
	.word	0,0,0,0,0,0,0,0,0,0,0,0,0,0,0,0,0,0,0,0,0,0,0,0,0,0,0,0,0,0,0,0,0,0,0,0,0,0,0,0,0,0,0,0,0,0,0,0,0,0,0,0,0,0,0,0,0,0,0,0,0
	.word	0,0,0,0,0,0,0,0,0,0,0,0,0,0,0,0,0,0,0,0,0,0,0,0,0,0,0,0,0,0,0,0,0,0,0,0,0,0,0,0,0,0,0,0,0,0,0,0,0,0,0,0,0,0,0,0,0,0,0,0,0
	.word	0,0,0,0,0,0,0,0,0,0,0,0,0,0,0,0,0,0,0,0,0,0,0,0,0,0,0,0,0,0,0,0,0,0,0,0,0,0,0,0,0,0,0,0,0,0,0,0,0,0,0,0,0,0,0,0,0,0,0,0,0
	.word	0,0,0,0,0,0,0,0,0,0,0,0,0,0,0,0,0,0,0,0,0,0,0,0,0,0,0,0,0,0,0,0,0,0,0,0,0,0,0,0,0,0,0,0,0,0,0,0,0,0,0,0,0,0,0,0,0,0,0,0,0
	.word	0,0,0,0,0,0,0,0,0,0,0,0,0,0,0,0,0,0,0,0,0,0,0,0,0,0,0,0,0,0,0,0,0,0,0,0,0,0,0,0,0,0,0,0,0,0,0,0,0,0,0,0,0,0,0,0,0,0,0,0,0
	.word	0,0,0,0,0,0,0,0,0,0,0,0,0,0,0,0,0,0,0,0,0,0,0,0,0,0,0,0,0,0,0,0,0,0,0,0,0,0,0,0,0,0,0,0,0,0,0,0,0,0,0,0,0,0,0,0,0,0,0,0,0
	.word	0,0,0,0,0,0,0,0,0,0,0,0,0,0,0,0,0,0,0,0,0,0,0,0,0,0,0,0,0,0,0,0,0,0,0,0,0,0,0,0,0,0,0,0,0,0,0,0,0,0,0,0,0,0,0,0,0,0,0,0,0
	.word	0,0,0,0,0,0,0,0,0,0,0,0,0,0,0,0,0,0,0,0,0,0,0,0,0,0,0,0,0,0,0,0,0,0,0,0,0,0,0,0,0,0,0,0,0,0,0,0,0,0,0,0,0,0,0,0,0,0,0,0,0
	.word	0,0,0,0,0,0,0,0,0,0,0,0,0,0,0,0,0,0,0,0,0,0,0,0,0,0,0,0,0,0,0,0,0,0,0,0,0,0,0,0,0,0,0,0,0,0,0,0,0,0,0,0,0,0,0,0,0,0,0,0,0
	.word	0,0,0,0,0,0,0,0,0,0,0,0,0,0,0,0,0,0,0,0,0,0,0,0,0,0,0,0,0,0,0,0,0,0,0,0,0,0,0,0,0,0,0,0,0,0,0,0,0,0,0,0,0,0,0,0,0,0,0,0,0
	.word	0,0,0,0,0,0,0,0,0,0,0,0,0,0,0,0,0,0,0,0,0,0,0,0,0,0,0,0,0,0,0,0,0,0,0,0,0,0,0,0,0,0,0,0,0,0,0,0,0,0,0,0,0,0,0,0,0,0,0,0,0
	.word	0,0,0,0,0,0,0,0,0,0,0,0,0,0,0,0,0,0,0,0,0,0,0,0,0,0,0,0,0,0,0,0,0,0,0,0,0,0,0,0,0,0,0,0,0,0,0,0,0,0,0,0,0,0,0,0,0,0,0,0,0
	.word	0,0,0,0,0,0,0,0,0,0,0,0,0,0,0,0,0,0,0,0,0,0,0,0,0,0,0,0,0,0,0,0,0,0,0,0,0,0,0,0,0,0,0,0,0,0,0,0,0,0,0,0,0,0,0,0,0,0,0,0,0
	.word	0,0,0,0,0,0,0,0,0,0,0,0,0,0,0,0,0,0,0,0,0,0,0,0,0,0,0,0,0,0,0,0,0,0,0,0,0,0,0,0,0,0,0,0,0,0,0,0,0,0,0,0,0,0,0,0,0,0,0,0,0
	.word	0,0,0,0,0,0,0,0,0,0,0,0,0,0,0,0,0,0,0,0,0,0,0,0,0,0,0,0,0,0,0,0,0,0,0,0,0,0,0,0,0,0,0,0,0,0,0,0,0,0,0,0,0,0,0,0,0,0,0,0,0
	.word	0,0,0,0,0,0,0,0,0,0,0,0,0,0,0,0,0,0,0,0,0,0,0,0,0,0,0,0,0,0,0,0,0,0,0,0,0,0,0,0,0,0,0,0,0,0,0,0,0,0,0,0,0,0,0,0,0,0,0,0,0
	.word	0,0,0,0,0,0,0,0,0,0,0,0,0,0,0,0,0,0,0,0,0,0,0,0,0,0,0,0,0,0,0,0,0,0,0,0,0,0,0,0,0,0,0,0,0,0,0,0,0,0,0,0,0,0,0,0,0,0,0,0,0
	.word	0,0,0,0,0,0,0,0,0,0,0,0,0,0,0,0,0,0,0,0,0,0,0,0,0,0,0,0,0,0,0,0,0,0,0,0,0,0,0,0,0,0,0,0,0,0,0,0,0,0,0,0,0,0,0,0,0,0,0,0,0
	.word	0,0,0,0,0,0,0,0,0,0,0,0,0,0,0,0,0,0,0,0,0,0,0,0,0,0,0,0,0,0,0,0,0,0,0,0,0,0,0,0,0,0,0,0,0,0,0,0,0,0,0,0,0,0,0,0,0,0,0,0,0
	.word	0,0,0,0,0,0,0,0,0,0,0,0,0,0,0,0,0,0,0,0,0,0,0,0,0,0,0,0,0,0,0,0,0,0,0,0,0,0,0,0,0,0,0,0,0,0,0,0,0,0,0,0,0,0,0,0,0,0,0,0,0
	.word	0,0,0,0,0,0,0,0,0,0,0,0,0,0,0,0,0,0,0,0,0,0,0,0,0,0,0,0,0,0,0,0,0,0,0,0,0,0,0,0,0,0,0,0,0,0,0,0,0,0,0,0,0,0,0,0,0,0,0,0,0
	.word	0,0,0,0,0,0,0,0,0,0,0,0,0,0,0,0,0,0,0,0,0,0,0,0,0,0,0,0,0,0,0,0,0,0,0,0,0,0,0,0,0,0,0,0,0,0,0,0,0,0,0,0,0,0,0,0,0,0,0,0,0
	.word	0,0,0,0,0,0,0,0,0,0,0,0,0,0,0,0,0,0,0,0,0,0,0,0,0,0,0,0,0,0,0,0,0,0,0,0,0,0,0,0,0,0,0,0,0,0,0,0,0,0,0,0,0,0,0,0,0,0,0,0,0
	.word	0,0,0,0,0,0,0,0,0,0,0,0,0,0,0,0,0,0,0,0,0,0,0,0,0,0,0,0,0,0,0,0,0,0,0,0,0,0,0,0,0,0,0,0,0,0,0,0,0,0,0,0,0,0,0,0,0,0,0,0,0
	.word	0,0,0,0,0,0,0,0,0,0,0,0,0,0,0,0,0,0,0,0,0,0,0,0,0,0,0,0,0,0,0,0,0,0,0,0,0,0,0,0,0,0,0,0,0,0,0,0,0,0,0,0,0,0,0,0,0,0,0,0,0
	.word	0,0,0,0,0,0,0,0,0,0,0,0,0,0,0,0,0,0,0,0,0,0,0,0,0,0,0,0,0,0,0,0,0,0,0,0,0,0,0,0,0,0,0,0,0,0,0,0,0,0,0,0,0,0,0,0,0,0,0,0,0
	.word	0,0,0,0,0,0,0,0,0,0,0,0,0,0,0,0,0,0,0,0,0,0,0,0,0,0,0,0,0,0,0,0,0,0,0,0,0,0,0,0,0,0,0,0,0,0,0,0,0,0,0,0,0,0,0,0,0,0,0,0,0
	.word	0,0,0,0,0,0,0,0,0,0,0,0,0,0,0,0,0,0,0,0,0,0,0,0,0,0,0,0,0,0,0,0,0,0,0,0,0,0,0,0,0,0,0,0,0,0,0,0,0,0,0,0,0,0,0,0,0,0,0,0,0
	.word	0,0,0,0,0,0,0,0,0,0,0,0,0,0,0,0,0,0,0,0,0,0,0,0,0,0,0,0,0,0,0,0,0,0,0,0,0,0,0,0,0,0,0,0,0,0,0,0,0,0,0,0,0,0,0,0,0,0,0,0,0
	.word	0,0,0,0,0,0,0,0,0,0,0,0,0,0,0,0,0,0,0,0,0,0,0,0,0,0,0,0,0,0,0,0,0,0,0,0,0,0,0,0,0,0,0,0,0,0,0,0,0,0,0,0,0,0,0,0,0,0,0,0,0
	.word	0,0,0,0,0,0,0,0,0,0,0,0,0,0,0,0,0,0,0,0,0,0,0,0,0,0,0,0,0,0,0,0,0,0,0,0,0,0,0,0,0,0,0,0,0,0,0,0,0,0,0,0,0,0,0,0,0,0,0,0,0
	.word	0,0,0,0,0,0,0,0,0,0,0,0,0,0,0,0,0,0,0,0,0,0,0,0,0,0,0,0,0,0,0,0,0,0,0,0,0,0,0,0,0,0,0,0,0,0,0,0,0,0,0,0,0,0,0,0,0,0,0,0,0
	.word	0,0,0,0,0,0,0,0,0,0,0,0,0,0,0,0,0,0,0,0,0,0,0,0,0,0,0,0,0,0,0,0,0,0,0,0,0,0,0,0,0,0,0,0,0,0,0,0,0,0,0,0,0,0,0,0,0,0,0,0,0
	.word	0,0,0,0,0,0,0,0,0,0,0,0,0,0,0,0,0,0,0,0,0,0,0,0,0,0,0,0,0,0,0,0,0,0,0,0,0,0,0,0,0,0,0,0,0,0,0,0,0,0,0,0,0,0,0,0,0,0,0,0,0
	.word	0,0,0,0,0,0,0,0,0,0,0,0,0,0,0,0,0,0,0,0,0,0,0,0,0,0,0,0,0,0,0,0,0,0,0,0,0,0,0,0,0,0,0,0,0,0,0,0,0,0,0,0,0,0,0,0,0,0,0,0,0
	.word	0,0,0,0,0,0,0,0,0,0,0,0,0,0,0,0,0,0,0,0,0,0,0,0,0,0,0,0,0,0,0,0,0,0,0,0,0,0,0,0,0,0,0,0,0,0,0,0,0,0,0,0,0,0,0,0,0,0,0,0,0
	.word	0,0,0,0,0,0,0,0,0,0,0,0,0,0,0,0,0,0,0,0,0,0,0,0,0,0,0,0,0,0,0,0,0,0,0,0,0,0,0,0,0,0,0,0,0,0,0,0,0,0,0,0,0,0,0,0,0,0,0,0,0
	.word	0,0,0,0,0,0,0,0,0,0,0,0,0,0,0,0,0,0,0,0,0,0,0,0,0,0,0,0,0,0,0,0,0,0,0,0,0,0,0,0,0,0,0,0,0,0,0,0,0,0,0,0,0,0,0,0,0,0,0,0,0
	.word	0,0,0,0,0,0,0,0,0,0,0,0,0,0,0,0,0,0,0,0,0,0,0,0,0,0,0,0,0,0,0,0,0,0,0,0,0,0,0,0,0,0,0,0,0,0,0,0,0,0,0,0,0,0,0,0,0,0,0,0,0
	.word	0,0,0,0,0,0,0,0,0,0,0,0,0,0,0,0,0,0,0,0,0,0,0,0,0,0,0,0,0,0,0,0,0,0,0,0,0,0,0,0,0,0,0,0,0,0,0,0,0,0,0,0,0,0,0,0,0,0,0,0,0
	.word	0,0,0,0,0,0,0,0,0,0,0,0,0,0,0,0,0,0,0,0,0,0,0,0,0,0,0,0,0,0,0,0,0,0,0,0,0,0,0,0,0,0,0,0,0,0,0,0,0,0,0,0,0,0,0,0,0,0,0,0,0
	.word	0,0,0,0,0,0,0,0,0,0,0,0,0,0,0,0,0,0,0,0,0,0,0,0,0,0,0,0,0,0,0,0,0,0,0,0,0,0,0,0,0,0,0,0,0,0,0,0,0,0,0,0,0,0,0,0,0,0,0,0,0
	.word	0,0,0,0,0,0,0,0,0,0,0,0,0,0,0,0,0,0,0,0,0,0,0,0,0,0,0,0,0,0,0,0,0,0,0,0,0,0,0,0,0,0,0,0,0,0,0,0,0,0,0,0,0,0,0,0,0,0,0,0,0
	.word	0,0,0,0,0,0,0,0,0,0,0,0,0,0,0,0,0,0,0,0,0,0,0,0,0,0,0,0,0,0,0,0,0,0,0,0,0,0,0,0,0,0,0,0,0,0,0,0,0,0,0,0,0,0,0,0,0,0,0,0,0
	.word	0,0,0,0,0,0,0,0,0,0,0,0,0,0,0,0,0,0,0,0,0,0,0,0,0,0,0,0,0,0,0,0,0,0,0,0,0,0,0,0,0,0,0,0,0,0,0,0,0,0,0,0,0,0,0,0,0,0,0,0,0
	.word	0,0,0,0,0,0,0,0,0,0,0,0,0,0,0,0,0,0,0,0,0,0,0,0,0,0,0,0,0,0,0,0,0,0,0,0,0,0,0,0,0,0,0,0,0,0,0,0,0,0,0,0,0,0,0,0,0,0,0,0,0
	.word	0,0,0,0,0,0,0,0,0,0,0,0,0,0,0,0,0,0,0,0,0,0,0,0,0,0,0,0,0,0,0,0,0,0,0,0,0,0,0,0,0,0,0,0,0,0,0,0,0,0,0,0,0,0,0,0,0,0,0,0,0
	.word	0,0,0,0,0,0,0,0,0,0,0,0,0,0,0,0,0,0,0,0,0,0,0,0,0,0,0,0,0,0,0,0,0,0,0,0,0,0,0,0,0,0,0,0,0,0,0,0,0,0,0,0,0,0,0,0,0,0,0,0,0
	.word	0,0,0,0,0,0,0,0,0,0,0,0,0,0,0,0,0,0,0,0,0,0,0,0,0,0,0,0,0,0,0,0,0,0,0,0,0,0,0,0,0,0,0,0,0,0,0,0,0,0,0,0,0,0,0,0,0,0,0,0,0
	.word	0,0,0,0,0,0,0,0,0,0,0,0,0,0,0,0,0,0,0,0,0,0,0,0,0,0,0,0,0,0,0,0,0,0,0,0,0,0,0,0,0,0,0,0,0,0,0,0,0,0,0,0,0,0,0,0,0,0,0,0,0
	.word	0,0,0,0,0,0,0,0,0,0,0,0,0,0,0,0,0,0,0,0,0,0,0,0,0,0,0,0,0,0,0,0,0,0,0,0,0,0,0,0,0,0,0,0,0,0,0,0,0,0,0,0,0,0,0,0,0,0,0,0,0
	.word	0,0,0,0,0,0,0,0,0,0,0,0,0,0,0,0,0,0,0,0,0,0,0,0,0,0,0,0,0,0,0,0,0,0,0,0,0,0,0,0,0,0,0,0,0,0,0,0,0,0,0,0,0,0,0,0,0,0,0,0,0
	.word	0,0,0,0,0,0,0,0,0,0,0,0,0,0,0,0,0,0,0,0,0,0,0,0,0,0,0,0,0,0,0,0,0,0,0,0,0,0,0,0,0,0,0,0,0,0,0,0,0,0,0,0,0,0,0,0,0,0,0,0,0
	.word	0,0,0,0,0,0,0,0,0,0,0,0,0,0,0,0,0,0,0,0,0,0,0,0,0,0,0,0,0,0,0,0,0,0,0,0,0,0,0,0,0,0,0,0,0,0,0,0,0,0,0,0,0,0,0,0,0,0,0,0,0
	.word	0,0,0,0,0,0,0,0,0,0,0,0,0,0,0,0,0,0,0,0,0,0,0,0,0,0,0,0,0,0,0,0,0,0,0,0,0,0,0,0,0,0,0,0,0,0,0,0,0,0,0,0,0,0,0,0,0,0,0,0,0
	.word	0,0,0,0,0,0,0,0,0,0,0,0,0,0,0,0,0,0,0,0,0,0,0,0,0,0,0,0,0,0,0,0,0,0,0,0,0,0,0,0,0,0,0,0,0,0,0,0,0,0,0,0,0,0,0,0,0,0,0,0,0
	.word	0,0,0,0,0,0,0,0,0,0,0,0,0,0,0,0,0,0,0,0,0,0,0,0,0,0,0,0,0,0,0,0,0,0,0,0,0,0,0,0,0,0,0,0,0,0,0,0,0,0,0,0,0,0,0,0,0,0,0,0,0
	.word	0,0,0,0,0,0,0,0,0,0,0,0,0,0,0,0,0,0,0,0,0,0,0,0,0,0,0,0,0,0,0,0,0,0,0,0,0,0,0,0,0,0,0,0,0,0,0,0,0,0,0,0,0,0,0,0,0,0,0,0,0
	.word	0,0,0,0,0,0,0,0,0,0,0,0,0,0,0,0,0,0,0,0,0,0,0,0,0,0,0,0,0,0,0,0,0,0,0,0,0,0,0,0,0,0,0,0,0,0,0,0,0,0,0,0,0,0,0,0,0,0,0,0,0
	.word	0,0,0,0,0,0,0,0,0,0,0,0,0,0,0,0,0,0,0,0,0,0,0,0,0,0,0,0,0,0,0,0,0,0,0,0,0,0,0,0,0,0,0,0,0,0,0,0,0,0,0,0,0,0,0,0,0,0,0,0,0
	.word	0,0,0,0,0,0,0,0,0,0,0,0,0,0,0,0,0,0,0,0,0,0,0,0,0,0,0,0,0,0,0,0,0,0,0,0,0,0,0,0,0,0,0,0,0,0,0,0,0,0,0,0,0,0,0,0,0,0,0,0,0
	.word	0,0,0,0,0,0,0,0,0,0,0,0,0,0,0,0,0,0,0,0,0,0,0,0,0,0,0,0,0,0,0,0,0,0,0,0,0,0,0,0,0,0,0,0,0,0,0,0,0,0,0,0,0,0,0,0,0,0,0,0,0
	.word	0,0,0,0,0,0,0,0,0,0,0,0,0,0,0,0,0,0,0,0,0,0,0,0,0,0,0,0,0,0,0,0,0,0,0,0,0,0,0,0,0,0,0,0,0,0,0,0,0,0,0,0,0,0,0,0,0,0,0,0,0
	.word	0,0,0,0,0,0,0,0,0,0,0,0,0,0,0,0,0,0,0,0,0,0,0,0,0,0,0,0,0,0,0,0,0,0,0,0,0,0,0,0,0,0,0,0,0,0,0,0,0,0,0,0,0,0,0,0,0,0,0,0,0
	.word	0,0,0,0,0,0,0,0,0,0,0,0,0,0,0,0,0,0,0,0,0,0,0,0,0,0,0,0,0,0,0,0,0,0,0,0,0,0,0,0,0,0,0,0,0,0,0,0,0,0,0,0,0,0,0,0,0,0,0,0,0
	.word	0,0,0,0,0,0,0,0,0,0,0,0,0,0,0,0,0,0,0,0,0,0,0,0,0,0,0,0,0,0,0,0,0,0,0,0,0,0,0,0,0,0,0,0,0,0,0,0,0,0,0,0,0,0,0,0,0,0,0,0,0
	.word	0,0,0,0,0,0,0,0,0,0,0,0,0,0,0,0,0,0,0,0,0,0,0,0,0,0,0,0,0,0,0,0,0,0,0,0,0,0,0,0,0,0,0,0,0,0,0,0,0,0,0,0,0,0,0,0,0,0,0,0,0
	.word	0,0,0,0,0,0,0,0,0,0,0,0,0,0,0,0,0,0,0,0,0,0,0,0,0,0,0,0,0,0,0,0,0,0,0,0,0,0,0,0,0,0,0,0,0,0,0,0,0,0,0,0,0,0,0,0,0,0,0,0,0
	.word	0,0,0,0,0,0,0,0,0,0,0,0,0,0,0,0,0,0,0,0,0,0,0,0,0,0,0,0,0,0,0,0,0,0,0,0,0,0,0,0,0,0,0,0,0,0,0,0,0,0,0,0,0,0,0,0,0,0,0,0,0
	.word	0,0,0,0,0,0,0,0,0,0,0,0,0,0,0,0,0,0,0,0,0,0,0,0,0,0,0,0,0,0,0,0,0,0,0,0,0,0,0,0,0,0,0,0,0,0,0,0,0,0,0,0,0,0,0,0,0,0,0,0,0
	.word	0,0,0,0,0,0,0,0,0,0,0,0,0,0,0,0,0,0,0,0,0,0,0,0,0,0,0,0,0,0,0,0,0,0,0,0,0,0,0,0,0,0,0,0,0,0,0,0,0,0,0,0,0,0,0,0,0,0,0,0,0
	.word	0,2,0,1,0,0,0,1,0,0,0,1,0,0,0,0,0,20,20,20,20,20,20,20,20,20,20,20,20,20,20,20,20,20,20,20,20,20,20,20,20,20,20,20,20,20,20,20,20,20,20,20,20,20,20,20,20,20,20,20,20
	.word	0,0,0,0,0,1,0,0,1,0,1,0,0,0,0,0,20,20,24,24,24,24,20,20,20,20,20,20,20,20,20,20,20,20,20,20,20,20,20,20,20,20,20,20,20,20,20,20,20,20,20,20,20,20,20,20,20,20,20,20,20
	.word	0,0,26,1,0,0,40,40,40,40,40,40,26,0,0,0,20,24,24,24,24,24,24,20,20,20,20,20,20,20,20,20,20,20,20,20,20,20,20,20,20,20,24,24,24,24,24,20,20,20,20,20,20,20,20,20,20,20,20,20,20
	.word	0,1,25,0,40,40,40,40,40,40,40,41,25,0,1,0,24,24,48,48,48,24,24,24,24,24,24,20,20,20,20,20,24,24,24,24,24,24,24,20,20,24,24,24,24,24,24,24,24,24,20,20,20,20,20,20,20,20,24,24,24
	.word	0,0,26,38,25,25,25,25,25,25,25,25,26,0,0,0,20,74,74,74,74,74,24,24,24,24,24,24,24,24,24,24,24,24,24,24,24,24,24,24,24,24,24,49,47,47,24,24,24,24,24,24,24,24,20,20,24,24,24,24,24
	.word	0,0,0,38,48,47,47,47,47,47,48,40,40,0,0,24,24,24,24,24,24,24,24,24,47,47,24,24,24,24,24,24,24,24,47,47,47,24,24,24,24,24,47,48,48,48,48,47,47,24,24,24,24,24,24,24,24,24,24,47,47
	.word	24,0,40,39,40,48,48,48,48,48,40,40,40,40,24,24,24,24,24,24,24,48,48,48,48,48,24,24,24,24,24,47,47,47,48,48,48,47,47,47,47,47,48,40,40,40,40,48,48,49,47,47,47,24,24,24,24,47,47,48,48
	.word	24,40,40,40,40,40,40,40,40,40,40,40,40,40,24,24,40,40,24,24,0,0,0,0,0,40,24,24,24,48,48,48,48,48,40,40,40,48,48,48,48,48,40,0,0,0,0,40,40,40,48,48,48,48,48,48,48,48,48,40,40
	.word	24,24,24,40,40,40,40,40,40,40,40,40,40,40,40,20,0,0,0,0,0,24,24,24,0,0,0,0,0,0,0,63,0,40,0,0,0,0,40,40,40,40,0,0,24,24,0,0,0,0,40,40,40,48,40,40,40,40,40,0,0
	.word	26,25,25,25,25,25,25,25,25,25,25,25,25,25,25,24,24,24,24,24,24,24,24,0,0,24,24,24,24,24,24,24,0,0,63,0,0,0,24,63,0,0,0,24,24,24,24,24,0,0,0,0,0,0,0,0,0,0,0,24,24
	.word	26,26,25,25,25,25,25,25,25,25,25,25,25,25,26,24,24,24,24,24,24,24,24,24,24,24,24,24,24,24,24,24,64,64,24,64,64,24,24,24,64,64,24,24,20,20,20,24,24,24,24,0,69,0,0,68,0,24,24,24,20
	.word	0,0,0,0,0,0,0,0,0,0,0,0,0,0,0,0,24,24,24,24,24,24,24,24,24,24,24,24,0,0,0,24,24,24,24,24,24,24,20,24,24,24,24,20,20,20,20,20,20,20,24,24,24,24,24,24,24,24,20,20,20
	.word	0,0,0,0,0,0,0,0,0,0,0,0,0,0,0,0,0,0,0,0,0,0,0,0,0,0,0,0,0,0,0,0,24,20,20,20,20,20,20,20,20,20,20,20,20,20,20,20,20,20,20,20,20,20,20,20,20,20,20,20,20

GlobalObj:
	.byte	TOBJ_FRIEND*32+TSUB_BOSS,0,0,3*16+8, TOBJ_ENEMY*32+TSUB_SPIDER1,24,0,7*16+4, TOBJ_ITEM*32+ITEM_SPADE,11,0,7*16+13, TOBJ_TRIG*32+TRIG_APPR,EVC_EPIS0_CHK,16,3*16+8
	.byte	TOBJ_ITEM*32+ITEM_CHERRY,12,0,9*16+12, 0,0,0,0, 0,0,0,0
	.byte	TOBJ_TRIG*32+TRIG_MSG,TXTID_MSG2,18,9*16+0, TOBJ_ENEMY*32+TSUB_SPIDER1,24,0,9*16+12, TOBJ_ITEM*32+ITEM_CHERRY,12,0,6*16+2, TOBJ_ENEMY*32+TSUB_SPIDER1,24,0,11*16+4
	.byte	0,0,0,0, 0,0,0,0, 0,0,0,0, 0,0,0,0
	.byte	TOBJ_ITEM*32+ITEM_KEY,14,0,5*16+1, TOBJ_ENEMY*32+TSUB_SPIDER1,24,0,5*16+2, TOBJ_ENEMY*32+TSUB_SPIDER2,28,0,1*16+10, 0,0,0,0
	.byte	TOBJ_ITEM*32+ITEM_CHERRY,12,0,2*16+14, TOBJ_ITEM*32+ITEM_CHERRY,12,0,2*16+13, TOBJ_ENEMY*32+TSUB_SPIDER1,24,0,5*16+2, TOBJ_ENEMY*32+TSUB_SPIDER2,28,0,1*16+7
	.byte	0,0,0,0, 0,0,0,0, 0,0,0,0, 0,0,0,0
	.byte	0,0,0,0, 0,0,0,0, 0,0,0,0, 0,0,0,0
	.byte	TOBJ_ITEM*32+ITEM_LIGHT,10,0,12*16+8, TOBJ_ENEMY*32+TSUB_SPIDER2,28,0,5*16+11, TOBJ_ENEMY*32+TSUB_SPIDER2,28,0,2*16+8, TOBJ_ITEM*32+ITEM_CHERRY,12,0,3*16+4
	.byte	TOBJ_ITEM*32+ITEM_CHERRY,12,0,8*16+1, TOBJ_ENEMY*32+TSUB_SPIDER2,28,0,7*16+2, 0,0,0,0, 0,0,0,0
	.byte	TOBJ_ENEMY*32+TSUB_SPIDER1,24,0,8*16+5, TOBJ_ENEMY*32+TSUB_BAT1,44,0,12*16+8, 0,0,0,0, 0,0,0,0
	.byte	TOBJ_ENEMY*32+TSUB_BAT1,44,0,4*16+5, TOBJ_ITEM*32+ITEM_CHERRY,12,0,12*16+4, 0,0,0,0, 0,0,0,0
	.byte	TOBJ_TRIG*32+TRIG_EP_NXT,0,5,4*16+7, 0,0,0,0, 0,0,0,0, 0,0,0,0
	.byte	0,0,0,0, 0,0,0,0, 0,0,0,0, 0,0,0,0
	.byte	0,0,0,0, 0,0,0,0, 0,0,0,0, 0,0,0,0
	.byte	0,0,0,0, 0,0,0,0, 0,0,0,0, 0,0,0,0
	.byte	0,0,0,0, 0,0,0,0, 0,0,0,0, 0,0,0,0
	.byte	0,0,0,0, 0,0,0,0, 0,0,0,0, 0,0,0,0
	.byte	0,0,0,0, 0,0,0,0, 0,0,0,0, 0,0,0,0
	.byte	0,0,0,0, 0,0,0,0, 0,0,0,0, 0,0,0,0
	.byte	0,0,0,0, 0,0,0,0, 0,0,0,0, 0,0,0,0
	.byte	0,0,0,0, 0,0,0,0, 0,0,0,0, 0,0,0,0
	.byte	0,0,0,0, 0,0,0,0, 0,0,0,0, 0,0,0,0
	.byte	0,0,0,0, 0,0,0,0, 0,0,0,0, 0,0,0,0
	.byte	0,0,0,0, 0,0,0,0, 0,0,0,0, 0,0,0,0
	.byte	0,0,0,0, 0,0,0,0, 0,0,0,0, 0,0,0,0
	.byte	0,0,0,0, 0,0,0,0, 0,0,0,0, 0,0,0,0
	.byte	0,0,0,0, 0,0,0,0, 0,0,0,0, 0,0,0,0
	.byte	0,0,0,0, 0,0,0,0, 0,0,0,0, 0,0,0,0
	.byte	0,0,0,0, 0,0,0,0, 0,0,0,0, 0,0,0,0
	.byte	0,0,0,0, 0,0,0,0, 0,0,0,0, 0,0,0,0
	.byte	0,0,0,0, 0,0,0,0, 0,0,0,0, 0,0,0,0
	.byte	0,0,0,0, 0,0,0,0, 0,0,0,0, 0,0,0,0
	.byte	0,0,0,0, 0,0,0,0, 0,0,0,0, 0,0,0,0
	.byte	0,0,0,0, 0,0,0,0, 0,0,0,0, 0,0,0,0
	.byte	0,0,0,0, 0,0,0,0, 0,0,0,0, 0,0,0,0
	.byte	0,0,0,0, 0,0,0,0, 0,0,0,0, 0,0,0,0
	.byte	0,0,0,0, 0,0,0,0, 0,0,0,0, 0,0,0,0
	.byte	0,0,0,0, 0,0,0,0, 0,0,0,0, 0,0,0,0
	.byte	0,0,0,0, 0,0,0,0, 0,0,0,0, 0,0,0,0
	.byte	0,0,0,0, 0,0,0,0, 0,0,0,0, 0,0,0,0
	.byte	0,0,0,0, 0,0,0,0, 0,0,0,0, 0,0,0,0
	.byte	0,0,0,0, 0,0,0,0, 0,0,0,0, 0,0,0,0
	.byte	0,0,0,0, 0,0,0,0, 0,0,0,0, 0,0,0,0
	.byte	0,0,0,0, 0,0,0,0, 0,0,0,0, 0,0,0,0
	.byte	0,0,0,0, 0,0,0,0, 0,0,0,0, 0,0,0,0
	.byte	0,0,0,0, 0,0,0,0, 0,0,0,0, 0,0,0,0
	.byte	0,0,0,0, 0,0,0,0, 0,0,0,0, 0,0,0,0
	.byte	0,0,0,0, 0,0,0,0, 0,0,0,0, 0,0,0,0
	.byte	0,0,0,0, 0,0,0,0, 0,0,0,0, 0,0,0,0
	.byte	0,0,0,0, 0,0,0,0, 0,0,0,0, 0,0,0,0
	.byte	0,0,0,0, 0,0,0,0, 0,0,0,0, 0,0,0,0
	.byte	0,0,0,0, 0,0,0,0, 0,0,0,0, 0,0,0,0
	.byte	0,0,0,0, 0,0,0,0, 0,0,0,0, 0,0,0,0
	.byte	0,0,0,0, 0,0,0,0, 0,0,0,0, 0,0,0,0
	.byte	0,0,0,0, 0,0,0,0, 0,0,0,0, 0,0,0,0
	.byte	0,0,0,0, 0,0,0,0, 0,0,0,0, 0,0,0,0
	.byte	0,0,0,0, 0,0,0,0, 0,0,0,0, 0,0,0,0
	.byte	0,0,0,0, 0,0,0,0, 0,0,0,0, 0,0,0,0
	.byte	0,0,0,0, 0,0,0,0, 0,0,0,0, 0,0,0,0
	.byte	TOBJ_FRIEND*32+TSUB_YANA1,35,0,9*16+10, TOBJ_TRIG*32+TRIG_MSG,TXTID_YANA01,TOBJ_FRIEND*32+TSUB_YANA1,9*16+10, TOBJ_TRIG*32+TRIG_EP_NXT,0,5,9*16+14, 0,0,0,0
	.byte	0,0,0,0, 0,0,0,0, 0,0,0,0, 0,0,0,0
	.byte	TOBJ_TRIG*32+TRIG_MSG,TXTID_YANA03,0,9*16+0
	.byte	TOBJ_TRIG*32+TRIG_EP_NXT,0,5,9*16+15, TOBJ_ENEMY*32+TSUB_BAT1,44,0,10*16+5, 0,0,0,0, 0,0,0,0
	.even

.radix 8
